500 5000 246 200
1 3
1 155
1 159
1 172
1 184
1 201
1 276
1 279
1 365
1 402
1 483
2 4
2 18
2 53
2 74
2 79
2 81
2 88
2 95
2 96
2 110
2 150
2 170
2 173
2 203
2 242
2 300
2 322
2 326
2 412
2 424
2 473
3 13
3 17
3 44
3 77
3 87
3 113
3 120
3 137
3 147
3 170
3 180
3 220
3 240
3 272
3 301
3 314
3 369
3 396
3 404
3 441
3 449
3 453
3 464
3 489
4 10
4 18
4 29
4 38
4 40
4 64
4 75
4 79
4 93
4 179
4 190
4 232
4 241
4 272
4 281
4 318
4 339
4 348
4 358
4 360
4 375
4 377
4 381
4 401
4 407
4 463
4 468
4 471
4 483
4 496
5 9
5 29
5 90
5 105
5 155
5 188
5 233
5 246
5 288
5 293
5 299
5 303
5 332
5 352
5 368
5 383
5 386
5 496
6 35
6 40
6 43
6 51
6 63
6 66
6 87
6 95
6 130
6 152
6 245
6 288
6 297
6 308
6 326
6 334
6 350
6 363
6 366
6 473
6 478
6 491
7 18
7 43
7 61
7 79
7 140
7 194
7 237
7 238
7 252
7 262
7 321
7 323
7 357
7 373
7 413
7 422
7 439
7 444
7 469
7 479
7 496
8 19
8 37
8 38
8 62
8 67
8 85
8 108
8 131
8 160
8 178
8 205
8 219
8 243
8 261
8 292
8 301
8 306
8 363
8 375
8 429
8 462
8 464
8 470
8 474
8 497
9 14
9 24
9 53
9 57
9 102
9 154
9 157
9 196
9 246
9 248
9 305
9 365
9 381
9 387
9 446
9 455
9 467
9 478
9 493
10 26
10 63
10 68
10 95
10 145
10 214
10 242
10 245
10 266
10 314
10 345
10 355
10 367
10 373
10 380
10 404
10 409
10 466
11 21
11 25
11 45
11 116
11 134
11 143
11 151
11 235
11 249
11 287
11 355
11 385
11 475
12 21
12 22
12 77
12 106
12 112
12 148
12 202
12 213
12 286
12 291
12 298
12 300
12 336
12 340
12 346
12 360
12 388
12 404
12 420
13 50
13 63
13 94
13 115
13 164
13 176
13 191
13 193
13 209
13 217
13 237
13 264
13 265
13 291
13 306
13 315
13 327
13 344
13 359
13 399
13 415
13 421
13 436
13 438
13 483
14 18
14 72
14 75
14 78
14 94
14 109
14 158
14 184
14 199
14 211
14 245
14 265
14 312
14 353
14 399
14 452
14 466
14 477
14 494
15 16
15 37
15 49
15 97
15 127
15 151
15 195
15 221
15 228
15 321
15 334
15 371
15 372
15 374
15 385
15 395
15 410
15 423
15 452
15 478
15 489
16 32
16 37
16 88
16 97
16 101
16 126
16 167
16 168
16 235
16 258
16 278
16 307
16 343
16 414
16 435
16 486
17 45
17 162
17 221
17 235
17 243
17 247
17 264
17 287
17 296
17 313
17 325
17 353
17 360
17 387
17 451
17 453
17 492
18 42
18 52
18 59
18 71
18 94
18 102
18 116
18 131
18 142
18 184
18 203
18 251
18 262
18 269
18 284
18 292
18 298
18 307
18 374
18 383
18 401
18 421
18 457
18 495
19 29
19 53
19 76
19 84
19 111
19 137
19 175
19 179
19 184
19 207
19 226
19 284
19 311
19 334
19 337
19 355
19 369
19 454
19 455
20 62
20 103
20 120
20 131
20 157
20 158
20 266
20 271
20 287
20 290
20 303
20 328
20 346
20 358
20 361
20 399
20 405
20 417
20 421
20 436
21 43
21 62
21 76
21 87
21 117
21 160
21 166
21 188
21 200
21 222
21 242
21 258
21 313
21 329
21 337
21 357
21 380
21 426
21 444
21 452
21 475
21 489
22 23
22 31
22 45
22 95
22 107
22 109
22 111
22 134
22 140
22 143
22 159
22 218
22 224
22 229
22 244
22 250
22 267
22 293
22 336
22 366
22 386
22 390
22 400
22 406
22 428
22 434
22 469
22 488
23 43
23 52
23 95
23 98
23 204
23 262
23 319
23 328
23 375
23 455
23 461
24 70
24 91
24 108
24 129
24 145
24 182
24 206
24 212
24 258
24 286
24 291
24 300
24 329
24 341
24 349
24 366
24 403
24 414
24 429
24 448
25 50
25 69
25 72
25 80
25 90
25 109
25 115
25 190
25 194
25 204
25 225
25 230
25 320
25 322
25 323
25 362
25 395
25 424
25 434
25 446
25 460
25 474
25 487
25 498
26 35
26 64
26 81
26 96
26 132
26 165
26 258
26 269
26 312
26 348
26 383
26 388
26 389
26 399
26 404
26 442
26 443
26 448
26 470
26 473
26 500
27 29
27 34
27 64
27 65
27 112
27 119
27 131
27 140
27 145
27 240
27 241
27 265
27 275
27 277
27 339
27 345
27 349
27 403
27 424
27 439
27 441
27 493
28 42
28 50
28 68
28 80
28 90
28 142
28 153
28 159
28 183
28 190
28 203
28 225
28 261
28 274
28 275
28 294
28 302
28 309
28 314
28 315
28 367
28 381
28 409
28 429
28 453
29 49
29 68
29 81
29 90
29 118
29 148
29 168
29 198
29 209
29 264
29 293
29 314
29 332
29 354
29 370
29 391
29 410
29 417
29 458
30 98
30 130
30 141
30 149
30 171
30 180
30 185
30 236
30 240
30 280
30 388
30 389
30 405
30 419
30 473
30 475
30 481
30 485
31 83
31 86
31 106
31 123
31 135
31 140
31 159
31 166
31 206
31 235
31 286
31 378
31 391
31 398
31 425
31 430
31 436
31 446
31 498
32 84
32 119
32 156
32 201
32 213
32 254
32 272
32 293
32 305
32 321
32 322
32 374
32 375
32 400
32 443
32 455
32 467
32 468
33 90
33 99
33 109
33 136
33 172
33 173
33 210
33 216
33 233
33 250
33 265
33 270
33 285
33 294
33 328
33 332
33 354
33 394
33 419
33 434
33 458
33 466
33 469
33 470
34 102
34 117
34 128
34 169
34 202
34 221
34 237
34 241
34 274
34 278
34 297
34 325
34 328
34 343
34 344
34 374
34 381
34 445
34 467
35 43
35 102
35 219
35 224
35 230
35 260
35 270
35 380
35 389
35 400
35 402
35 410
35 452
35 470
35 489
36 93
36 146
36 183
36 195
36 198
36 203
36 221
36 233
36 255
36 361
36 406
36 409
36 459
37 40
37 61
37 71
37 82
37 86
37 95
37 105
37 153
37 154
37 161
37 188
37 189
37 193
37 232
37 233
37 237
37 258
37 295
37 318
37 335
37 347
37 349
37 409
37 415
37 432
37 451
37 492
38 55
38 63
38 86
38 118
38 152
38 201
38 268
38 269
38 277
38 317
38 335
38 344
38 357
38 405
38 421
38 444
38 459
38 474
38 488
39 95
39 96
39 97
39 100
39 127
39 134
39 176
39 221
39 224
39 251
39 274
39 293
39 314
39 335
39 338
39 343
39 371
39 377
39 400
39 402
39 414
39 416
39 428
39 446
39 473
39 475
39 490
40 60
40 76
40 82
40 113
40 168
40 233
40 327
40 349
40 411
40 439
40 441
40 478
40 498
41 60
41 97
41 98
41 101
41 145
41 153
41 161
41 177
41 229
41 238
41 241
41 294
41 397
41 453
41 480
42 102
42 117
42 119
42 124
42 136
42 164
42 180
42 188
42 189
42 191
42 225
42 231
42 236
42 289
42 310
42 314
42 366
42 367
42 383
42 401
42 427
42 431
42 448
42 489
42 495
42 498
43 67
43 71
43 79
43 93
43 133
43 163
43 265
43 280
43 309
43 338
43 364
43 381
43 403
43 443
43 464
44 94
44 103
44 129
44 133
44 157
44 187
44 231
44 281
44 305
44 310
44 321
44 343
44 363
44 396
44 406
44 424
44 426
44 441
44 445
44 460
44 479
44 496
44 499
45 58
45 85
45 94
45 142
45 202
45 212
45 227
45 237
45 239
45 245
45 248
45 252
45 268
45 297
45 303
45 332
45 366
45 422
45 429
45 450
45 469
45 494
45 499
46 118
46 140
46 194
46 300
46 306
46 309
46 323
46 380
46 397
46 446
46 470
46 480
47 90
47 97
47 107
47 117
47 148
47 168
47 176
47 197
47 204
47 211
47 219
47 237
47 238
47 257
47 264
47 272
47 355
47 357
47 395
47 401
47 472
47 488
47 495
48 141
48 167
48 182
48 215
48 219
48 224
48 232
48 315
48 325
48 378
48 404
48 426
48 433
48 440
48 450
48 453
48 464
48 479
48 495
49 74
49 116
49 118
49 138
49 173
49 264
49 304
49 311
49 319
49 324
49 331
49 367
49 428
49 454
49 462
49 481
49 487
50 60
50 63
50 104
50 116
50 133
50 159
50 187
50 216
50 312
50 326
50 348
50 350
50 364
50 366
50 376
50 384
50 458
50 462
51 66
51 81
51 124
51 166
51 167
51 217
51 222
51 228
51 256
51 260
51 272
51 282
51 321
51 340
51 359
51 376
51 407
51 435
51 440
51 449
52 80
52 86
52 112
52 140
52 176
52 210
52 221
52 234
52 238
52 278
52 313
52 435
52 446
52 449
52 461
52 466
52 472
52 488
53 71
53 96
53 111
53 116
53 119
53 196
53 201
53 210
53 218
53 220
53 222
53 228
53 254
53 308
53 322
53 332
53 348
53 371
53 401
53 443
54 69
54 74
54 88
54 154
54 200
54 213
54 247
54 286
54 299
54 334
54 354
54 383
54 393
54 433
54 442
54 454
54 489
55 58
55 60
55 108
55 118
55 142
55 181
55 197
55 204
55 212
55 247
55 311
55 324
55 350
55 351
55 371
56 68
56 78
56 89
56 101
56 108
56 139
56 143
56 217
56 223
56 300
56 304
56 306
56 320
56 351
56 401
56 412
56 431
56 448
56 469
56 490
57 94
57 103
57 125
57 170
57 177
57 201
57 203
57 220
57 242
57 250
57 289
57 321
57 347
57 390
57 402
57 422
57 487
57 488
57 500
58 67
58 69
58 72
58 85
58 95
58 99
58 100
58 151
58 156
58 253
58 256
58 278
58 285
58 288
58 308
58 346
58 362
58 370
58 387
58 443
58 480
58 498
59 61
59 110
59 154
59 175
59 201
59 246
59 276
59 303
59 308
59 336
59 458
59 466
59 476
59 481
60 108
60 114
60 116
60 159
60 215
60 223
60 286
60 295
60 321
60 328
60 341
60 361
60 371
60 408
60 417
60 436
60 470
60 484
61 110
61 137
61 144
61 152
61 170
61 213
61 214
61 242
61 261
61 262
61 323
61 329
61 350
61 358
61 386
61 406
61 407
61 491
61 497
62 82
62 87
62 115
62 168
62 193
62 226
62 240
62 292
62 319
62 335
62 350
62 394
62 395
62 435
62 476
62 481
63 64
63 107
63 123
63 129
63 149
63 182
63 196
63 204
63 281
63 288
63 319
63 431
63 490
63 498
64 145
64 192
64 214
64 217
64 305
64 316
64 339
64 351
64 360
64 369
64 393
64 410
64 419
64 431
64 458
65 74
65 112
65 140
65 141
65 172
65 184
65 185
65 266
65 275
65 315
65 333
65 366
65 371
65 390
65 400
65 418
65 491
66 83
66 84
66 99
66 113
66 138
66 224
66 245
66 260
66 272
66 280
66 335
66 352
66 358
66 376
66 407
66 412
66 431
66 435
66 440
66 445
66 480
66 497
67 68
67 84
67 123
67 127
67 187
67 196
67 198
67 199
67 200
67 212
67 249
67 275
67 288
67 291
67 350
67 361
67 374
67 376
67 410
67 481
67 498
68 120
68 204
68 262
68 298
68 320
68 324
68 336
68 345
68 374
68 380
68 393
68 493
69 93
69 176
69 178
69 186
69 235
69 260
69 351
69 371
69 375
69 398
69 405
70 95
70 120
70 139
70 186
70 217
70 220
70 221
70 248
70 250
70 378
70 385
70 437
70 453
71 105
71 108
71 118
71 120
71 123
71 159
71 160
71 175
71 191
71 194
71 234
71 244
71 274
71 323
71 410
71 455
71 491
72 89
72 150
72 162
72 176
72 201
72 203
72 223
72 237
72 239
72 290
72 346
72 414
72 425
72 481
73 77
73 82
73 118
73 133
73 184
73 211
73 224
73 268
73 278
73 315
73 341
73 350
73 410
73 426
73 449
73 469
73 489
73 492
74 128
74 131
74 140
74 176
74 198
74 235
74 264
74 272
74 289
74 306
74 341
74 386
74 419
74 425
74 439
74 442
75 83
75 182
75 209
75 210
75 217
75 226
75 256
75 277
75 308
75 309
75 318
75 441
76 89
76 107
76 114
76 186
76 190
76 196
76 203
76 209
76 215
76 238
76 282
76 317
76 326
76 343
76 378
76 384
76 426
76 490
76 496
77 81
77 86
77 92
77 126
77 146
77 180
77 186
77 187
77 204
77 225
77 233
77 262
77 301
77 303
77 385
77 400
77 404
77 437
77 444
77 481
77 486
78 81
78 86
78 120
78 137
78 240
78 243
78 265
78 270
78 275
78 322
78 330
78 388
78 411
78 418
78 479
78 481
79 144
79 177
79 189
79 214
79 240
79 245
79 266
79 349
79 358
79 368
79 403
79 439
79 443
79 456
79 484
80 88
80 109
80 151
80 191
80 201
80 206
80 222
80 226
80 238
80 248
80 253
80 388
80 396
80 400
80 406
80 469
80 472
80 477
80 494
81 83
81 176
81 189
81 194
81 212
81 271
81 368
81 445
81 464
81 472
82 114
82 173
82 183
82 189
82 213
82 246
82 273
82 274
82 294
82 311
82 352
82 379
82 389
82 392
82 393
82 423
82 458
82 475
83 119
83 125
83 168
83 169
83 172
83 186
83 230
83 279
83 294
83 313
83 350
83 359
83 388
83 408
84 189
84 193
84 195
84 224
84 259
84 354
84 357
84 393
84 412
84 415
85 109
85 143
85 148
85 171
85 173
85 182
85 221
85 236
85 249
85 254
85 260
85 267
85 274
85 303
85 308
85 316
85 381
85 388
85 419
85 420
85 423
86 127
86 130
86 139
86 141
86 144
86 147
86 161
86 167
86 217
86 218
86 241
86 244
86 264
86 269
86 303
86 344
86 409
86 413
86 444
86 476
86 483
87 108
87 120
87 182
87 220
87 242
87 253
87 254
87 294
87 297
87 306
87 313
87 314
87 343
87 448
88 93
88 108
88 113
88 201
88 205
88 297
88 306
88 323
88 326
88 348
88 445
88 470
88 480
88 481
89 107
89 164
89 166
89 179
89 203
89 238
89 299
89 309
89 368
89 419
89 437
89 465
89 467
90 104
90 110
90 114
90 123
90 135
90 192
90 238
90 242
90 247
90 274
90 279
90 292
90 293
90 299
90 310
90 348
90 366
90 377
90 414
90 442
90 458
90 485
91 97
91 108
91 113
91 114
91 117
91 132
91 147
91 184
91 220
91 325
91 375
91 377
91 410
91 415
91 418
91 457
91 474
91 488
92 100
92 158
92 161
92 164
92 171
92 203
92 221
92 230
92 306
92 381
92 402
92 426
92 439
92 442
93 100
93 122
93 125
93 160
93 173
93 181
93 260
93 276
93 302
93 328
93 332
93 363
93 372
93 376
93 392
93 419
93 493
94 106
94 129
94 247
94 291
94 338
94 347
94 359
94 397
94 412
94 427
94 432
94 441
94 446
94 479
94 483
95 100
95 127
95 153
95 166
95 191
95 197
95 210
95 252
95 259
95 267
95 304
95 362
95 382
95 437
95 452
95 468
95 486
96 106
96 110
96 120
96 164
96 167
96 180
96 193
96 198
96 205
96 215
96 227
96 244
96 263
96 267
96 304
96 332
96 333
96 340
96 343
96 373
96 385
96 412
96 447
96 452
96 481
96 486
97 98
97 106
97 123
97 195
97 206
97 214
97 232
97 241
97 244
97 264
97 269
97 270
97 280
97 313
97 324
97 325
97 373
97 389
97 392
97 401
97 418
97 451
97 492
97 498
98 112
98 117
98 131
98 147
98 153
98 157
98 203
98 209
98 213
98 222
98 242
98 287
98 290
98 291
98 294
98 317
98 357
98 360
98 390
98 401
98 409
98 412
98 459
99 150
99 240
99 286
99 308
99 342
99 408
99 429
99 465
99 490
99 495
100 160
100 184
100 337
100 354
100 355
100 379
100 401
100 464
101 127
101 132
101 151
101 170
101 179
101 184
101 222
101 232
101 256
101 279
101 371
101 376
101 407
101 447
101 460
102 146
102 160
102 168
102 181
102 234
102 262
102 270
102 297
102 334
102 366
102 391
102 409
102 432
102 467
102 495
103 107
103 179
103 181
103 329
103 341
103 369
103 471
103 483
104 131
104 148
104 167
104 197
104 206
104 228
104 245
104 252
104 255
104 270
104 316
104 329
104 343
104 350
104 399
104 440
104 460
104 466
104 470
105 139
105 164
105 189
105 233
105 235
105 358
105 381
105 384
105 386
105 391
105 407
105 441
105 468
106 134
106 165
106 249
106 263
106 303
106 343
106 373
106 498
107 120
107 122
107 152
107 155
107 183
107 193
107 202
107 223
107 237
107 245
107 295
107 315
107 339
107 376
107 446
108 160
108 180
108 187
108 208
108 220
108 227
108 256
108 262
108 264
108 298
108 304
108 318
108 341
108 375
108 380
108 383
108 384
108 450
108 472
108 481
108 495
109 132
109 142
109 166
109 179
109 195
109 196
109 230
109 239
109 248
109 308
109 309
109 397
109 405
110 132
110 178
110 209
110 221
110 247
110 336
110 347
110 359
110 368
110 371
110 405
110 424
110 430
111 117
111 118
111 127
111 145
111 159
111 177
111 184
111 195
111 206
111 233
111 244
111 246
111 260
111 262
111 302
111 303
111 334
111 343
111 349
111 379
111 396
111 426
111 436
111 445
111 458
111 464
112 150
112 152
112 163
112 191
112 217
112 222
112 223
112 229
112 233
112 275
112 317
112 352
112 420
112 478
113 120
113 174
113 190
113 196
113 208
113 226
113 240
113 260
113 309
113 335
113 354
113 381
113 421
113 425
113 430
113 444
113 462
113 481
114 134
114 213
114 226
114 227
114 238
114 265
114 278
114 280
114 296
114 308
114 335
114 386
114 440
114 499
115 134
115 144
115 172
115 191
115 210
115 238
115 282
115 291
115 302
115 326
115 366
115 376
115 400
115 445
115 482
116 133
116 180
116 207
116 272
116 274
116 288
116 362
116 427
116 434
116 438
117 141
117 147
117 157
117 206
117 219
117 238
117 243
117 297
117 301
117 324
117 340
117 374
117 379
117 391
117 422
117 431
117 437
117 449
117 475
118 160
118 214
118 246
118 282
118 290
118 346
118 352
118 372
118 439
118 466
119 120
119 121
119 122
119 131
119 144
119 184
119 259
119 268
119 296
119 298
119 303
119 325
119 354
119 392
119 422
119 488
120 252
120 266
120 283
120 284
120 296
120 328
120 362
120 364
120 398
120 437
120 451
120 493
121 129
121 171
121 176
121 209
121 269
121 304
121 309
121 332
121 346
121 372
121 389
121 413
121 420
122 143
122 187
122 192
122 211
122 233
122 262
122 330
122 402
122 408
122 439
122 441
122 469
122 471
122 474
122 496
123 139
123 182
123 234
123 265
123 267
123 295
123 312
123 404
123 414
123 420
123 448
124 136
124 145
124 155
124 164
124 175
124 192
124 210
124 256
124 325
124 337
124 384
124 398
124 403
124 438
124 479
124 492
125 147
125 161
125 177
125 187
125 191
125 194
125 203
125 244
125 290
125 308
125 350
125 365
125 405
125 419
125 438
125 460
125 465
126 219
126 229
126 294
126 310
126 332
126 359
126 425
126 427
126 453
126 469
126 499
127 176
127 187
127 188
127 209
127 259
127 280
127 288
127 295
127 319
127 337
127 382
127 402
127 411
127 413
127 493
128 138
128 174
128 179
128 195
128 203
128 243
128 290
128 292
128 295
128 392
128 397
128 412
128 495
129 139
129 150
129 156
129 173
129 182
129 192
129 263
129 269
129 372
129 377
129 414
129 432
129 434
129 449
130 141
130 142
130 174
130 197
130 239
130 269
130 277
130 298
130 307
130 308
130 382
130 441
130 452
130 462
130 478
130 495
131 135
131 178
131 190
131 197
131 298
131 345
131 377
131 394
131 397
131 398
131 405
131 409
131 447
131 455
132 133
132 143
132 148
132 156
132 235
132 277
132 289
132 290
132 311
132 332
132 354
132 410
132 411
132 481
132 484
132 492
133 173
133 176
133 187
133 205
133 235
133 261
133 385
133 433
133 436
134 236
134 238
134 249
134 319
134 384
134 445
134 446
134 454
134 481
134 487
135 142
135 155
135 170
135 180
135 198
135 245
135 291
135 308
135 342
135 361
135 428
135 451
135 494
136 151
136 165
136 166
136 230
136 272
136 275
136 299
136 329
136 341
136 357
136 359
136 401
136 407
136 413
136 421
136 469
136 476
136 499
137 164
137 174
137 209
137 232
137 249
137 250
137 254
137 266
137 284
137 332
137 344
137 383
137 417
137 458
137 462
137 486
137 494
137 496
137 498
138 147
138 152
138 186
138 217
138 230
138 232
138 241
138 242
138 248
138 303
138 316
138 318
138 354
138 376
138 389
138 393
138 444
138 458
138 474
139 207
139 215
139 230
139 249
139 252
139 263
139 288
139 307
139 327
139 333
139 337
139 342
139 377
139 400
139 450
139 459
139 466
139 469
140 165
140 168
140 180
140 197
140 202
140 209
140 223
140 232
140 254
140 256
140 273
140 309
140 315
140 333
140 373
140 394
140 397
140 433
140 441
140 500
141 160
141 176
141 187
141 201
141 211
141 214
141 246
141 278
141 335
141 338
141 374
141 380
141 413
141 498
142 172
142 195
142 215
142 277
142 282
142 365
142 390
142 407
142 428
142 443
142 445
142 477
143 158
143 219
143 260
143 267
143 272
143 295
143 319
143 345
143 362
143 372
143 381
143 425
143 497
144 217
144 257
144 266
144 297
144 346
144 360
144 405
144 417
144 436
144 446
144 449
144 491
145 210
145 232
145 245
145 254
145 260
145 303
145 324
145 335
145 378
145 431
145 471
146 156
146 178
146 206
146 212
146 215
146 235
146 274
146 347
146 352
146 371
146 380
146 453
146 460
146 463
146 467
147 175
147 176
147 178
147 227
147 250
147 292
147 319
147 323
147 334
148 201
148 223
148 263
148 274
148 288
148 321
148 332
148 382
148 385
148 396
148 409
148 410
148 425
148 454
148 483
148 494
149 179
149 181
149 230
149 251
149 265
149 268
149 280
149 284
149 335
149 340
149 384
149 398
149 421
149 459
149 467
149 479
149 480
149 491
150 203
150 210
150 215
150 226
150 240
150 306
150 311
150 324
150 365
150 395
150 399
150 406
150 421
150 432
150 471
150 483
150 487
151 168
151 188
151 215
151 270
151 275
151 281
151 333
151 337
151 379
151 388
151 425
151 432
151 437
151 467
151 499
152 199
152 205
152 206
152 212
152 220
152 242
152 243
152 248
152 318
152 352
152 355
152 363
152 375
152 407
152 416
152 451
152 467
152 480
152 486
153 198
153 210
153 234
153 248
153 251
153 256
153 267
153 273
153 279
153 282
153 284
153 307
153 324
153 345
153 419
153 422
153 423
153 436
153 448
153 461
153 476
153 499
154 155
154 198
154 211
154 212
154 224
154 278
154 322
154 366
154 398
154 412
154 456
154 494
155 184
155 210
155 217
155 247
155 327
155 365
155 464
155 478
156 161
156 162
156 186
156 196
156 219
156 228
156 247
156 283
156 286
156 302
156 348
156 394
156 395
156 452
157 158
157 167
157 213
157 252
157 265
157 274
157 303
157 325
157 341
157 353
157 358
157 367
157 380
157 398
157 439
157 455
157 469
158 170
158 230
158 280
158 300
158 309
158 333
158 365
158 381
158 391
158 429
158 458
158 480
158 487
158 491
159 171
159 191
159 200
159 212
159 220
159 251
159 264
159 300
159 325
159 329
159 378
159 444
159 459
159 475
160 175
160 183
160 222
160 291
160 328
160 378
160 388
160 431
160 458
160 467
161 177
161 282
161 284
161 334
161 353
161 397
161 420
161 479
162 167
162 168
162 178
162 197
162 204
162 205
162 211
162 264
162 270
162 334
162 345
162 366
162 393
162 404
162 412
162 431
162 476
163 180
163 253
163 301
163 315
163 359
163 385
163 436
163 440
163 451
163 468
163 471
164 240
164 245
164 333
164 382
164 410
164 436
164 448
165 202
165 217
165 221
165 237
165 243
165 285
165 292
165 358
165 400
165 401
165 421
165 466
166 167
166 175
166 186
166 197
166 224
166 240
166 259
166 285
166 293
166 318
166 319
166 364
166 439
167 187
167 263
167 269
167 327
167 364
167 403
167 459
168 203
168 290
168 298
168 320
168 336
168 377
168 379
168 382
168 390
168 400
168 419
168 420
168 460
168 495
168 498
169 216
169 220
169 234
169 241
169 273
169 287
169 306
169 325
169 329
169 347
169 374
169 385
169 397
169 433
169 487
169 490
170 172
170 210
170 221
170 227
170 259
170 269
170 303
170 395
170 420
170 429
170 436
171 209
171 249
171 303
171 315
171 343
171 363
171 365
171 369
171 370
171 377
171 392
171 452
171 472
171 476
171 488
172 200
172 228
172 232
172 324
172 326
172 344
172 362
172 371
172 381
172 382
172 391
172 457
173 212
173 238
173 249
173 284
173 289
173 337
173 350
173 395
173 404
173 420
173 472
173 498
173 500
174 184
174 205
174 263
174 288
174 290
174 329
174 339
174 354
174 390
174 402
174 403
174 410
174 416
174 417
174 439
174 458
174 498
175 194
175 232
175 261
175 262
175 303
175 361
175 362
175 443
175 449
175 474
175 476
175 490
175 500
176 189
176 230
176 263
176 276
176 344
176 381
176 389
176 421
176 450
177 178
177 237
177 258
177 294
177 314
177 349
177 382
177 399
177 425
177 426
177 430
177 460
177 466
177 473
178 181
178 185
178 283
178 384
178 413
178 421
178 427
178 431
178 485
178 488
178 489
178 494
178 497
179 198
179 208
179 252
179 404
179 438
179 477
180 186
180 221
180 242
180 254
180 256
180 337
180 370
180 417
180 428
180 444
180 449
180 477
181 184
181 185
181 191
181 200
181 216
181 230
181 240
181 265
181 316
181 325
181 343
181 361
181 383
181 451
181 454
181 473
181 482
182 184
182 196
182 211
182 226
182 291
182 307
182 308
182 310
182 314
182 329
182 352
182 376
182 404
182 412
182 499
183 220
183 237
183 266
183 305
183 339
183 366
183 426
183 457
183 481
184 265
184 296
184 297
184 336
184 342
184 383
184 399
184 422
184 434
184 476
184 491
185 222
185 225
185 294
185 302
185 328
185 364
185 371
185 375
185 410
185 431
185 468
185 473
185 481
185 491
186 204
186 252
186 272
186 275
186 313
186 318
186 327
186 339
186 342
186 363
186 364
186 365
186 387
186 411
186 414
186 415
186 449
187 190
187 288
187 296
187 304
187 318
187 328
187 378
187 388
187 438
187 465
187 478
187 495
188 199
188 247
188 265
188 270
188 283
188 305
188 351
188 411
188 458
189 244
189 285
189 334
189 358
189 369
189 382
189 429
190 253
190 271
190 297
190 311
190 317
190 329
190 344
190 403
190 406
190 416
190 437
190 467
190 470
191 199
191 229
191 256
191 265
191 311
191 362
191 370
191 381
191 407
191 474
191 490
192 216
192 239
192 399
193 202
193 276
193 286
193 300
193 343
193 429
193 440
193 490
194 276
194 285
194 290
194 318
194 350
194 417
194 431
194 473
194 498
195 205
195 214
195 219
195 220
195 259
195 282
195 300
195 302
195 307
195 323
195 330
195 336
195 340
195 341
195 345
195 370
195 372
195 407
195 427
195 494
196 203
196 260
196 301
196 306
196 328
196 361
196 395
196 416
197 201
197 208
197 230
197 262
197 270
197 306
197 319
197 356
197 373
197 375
197 380
197 468
198 210
198 242
198 291
198 312
198 346
198 375
198 436
198 454
199 210
199 214
199 267
199 289
199 293
199 379
199 394
199 435
199 436
199 440
199 489
199 492
200 211
200 243
200 256
200 282
200 331
200 354
200 359
200 375
200 385
200 426
200 435
200 442
200 453
200 474
200 490
201 250
201 484
201 493
202 223
202 249
203 238
203 240
203 274
203 276
203 279
203 280
203 283
203 317
203 322
203 379
203 417
203 419
204 259
204 270
204 283
204 307
204 311
204 334
204 355
204 463
204 487
205 208
205 210
205 235
205 264
205 292
205 313
205 351
205 359
205 368
205 413
205 416
205 461
205 464
205 492
205 498
206 208
206 230
206 252
206 290
206 296
206 303
206 357
206 402
206 452
206 457
207 251
207 254
207 296
207 315
207 333
207 455
207 477
208 210
208 236
208 241
208 249
208 264
208 283
208 294
208 378
208 387
208 431
208 464
209 263
209 295
209 321
209 353
209 420
209 433
209 494
210 240
210 299
210 316
210 340
210 363
210 424
210 439
210 487
210 497
211 337
211 352
211 363
211 375
211 393
211 427
211 432
211 463
211 488
211 493
211 500
212 231
212 259
212 289
212 368
212 370
212 421
212 428
212 432
212 440
212 446
212 457
212 479
212 481
213 219
213 225
213 244
213 262
213 306
213 317
213 336
213 368
213 378
213 413
213 417
213 418
213 422
213 480
214 229
214 241
214 278
214 279
214 309
214 330
214 337
214 340
214 345
214 351
214 399
214 418
214 439
214 455
214 460
214 461
214 474
215 244
215 259
215 263
215 266
215 289
215 292
215 296
215 309
215 331
215 337
215 357
215 366
215 373
215 411
215 423
215 426
215 436
215 452
215 494
216 218
216 232
216 248
216 250
216 283
216 288
216 318
216 346
216 394
216 438
216 469
216 475
217 219
217 222
217 224
217 313
217 364
217 376
217 404
218 224
218 247
218 324
218 390
218 392
218 406
218 435
218 437
218 447
218 464
218 470
218 492
219 285
219 330
219 332
219 351
219 353
219 390
219 409
219 442
219 463
219 478
220 227
220 234
220 240
220 249
220 255
220 265
220 266
220 269
220 307
220 308
220 324
220 329
220 337
220 341
220 378
220 382
220 453
220 454
220 456
220 457
220 490
221 254
221 278
221 282
221 293
221 320
221 344
221 349
221 364
221 368
221 442
221 444
221 453
221 465
221 474
221 483
221 493
222 229
222 231
222 233
222 243
222 274
222 329
222 346
222 349
222 355
222 441
222 447
222 487
223 254
223 318
223 322
223 377
223 426
223 479
223 484
223 489
224 267
224 279
224 296
224 353
224 415
224 429
224 489
224 496
225 236
225 257
225 284
225 309
225 321
225 369
225 408
225 473
226 257
226 267
226 364
226 409
226 451
226 460
227 271
227 272
227 278
227 281
227 338
227 399
227 447
227 453
227 475
227 484
227 489
227 497
228 282
228 297
228 310
228 326
228 350
228 391
228 396
228 412
228 445
228 496
229 249
229 251
229 285
229 286
229 409
229 414
229 420
229 494
230 277
230 289
230 333
230 367
230 369
230 387
230 436
230 443
230 492
230 494
231 298
231 304
231 313
231 334
231 342
231 344
231 432
231 452
231 496
232 235
232 259
232 322
232 334
232 342
232 348
232 361
232 460
232 462
232 471
233 236
233 238
233 316
233 321
233 329
233 363
233 382
233 419
233 434
234 239
234 255
234 257
234 261
234 298
234 306
234 313
234 361
234 363
234 368
234 411
234 412
234 438
234 445
234 493
235 283
235 295
235 312
235 313
235 335
235 350
235 382
235 422
235 447
235 455
235 480
235 491
236 239
236 349
236 354
236 398
236 411
236 478
236 499
237 240
237 243
237 250
237 251
237 280
237 300
237 320
237 342
237 344
237 376
237 384
237 459
237 465
237 493
238 266
238 271
238 303
238 327
238 362
238 366
238 369
238 399
238 430
238 449
238 463
238 482
238 493
239 265
239 266
239 309
239 335
239 338
239 383
239 396
239 413
239 433
239 446
239 466
239 471
240 250
240 260
240 277
240 335
240 352
240 353
240 383
240 405
240 444
240 467
240 473
241 249
241 251
241 266
241 267
241 272
241 291
241 301
241 318
241 349
241 368
241 370
241 372
241 390
241 409
241 417
241 463
241 474
241 475
241 491
242 287
242 295
242 300
242 303
242 306
242 316
242 320
242 324
242 345
242 371
242 385
242 389
242 402
242 431
242 437
242 453
242 478
242 492
243 247
243 286
243 324
243 421
243 422
243 446
243 499
244 255
244 298
244 299
244 305
244 310
244 334
244 337
244 348
244 388
244 394
244 424
244 458
245 247
245 266
245 308
245 327
245 329
245 356
245 388
245 424
245 425
245 435
245 484
246 287
246 291
246 341
246 362
246 364
246 372
246 375
246 379
246 399
246 401
246 413
246 417
246 430
246 437
246 468
246 487
246 498
247 251
247 260
247 299
247 316
247 399
248 285
248 332
248 363
248 390
248 433
248 434
248 483
249 278
249 316
249 321
249 390
249 401
249 413
249 439
249 459
249 498
250 283
250 292
250 363
250 409
250 457
251 257
251 273
251 328
251 357
251 376
251 383
251 399
251 417
251 428
251 491
251 493
252 293
252 334
252 348
252 385
252 445
252 467
252 499
253 320
253 323
253 349
253 379
253 384
253 400
253 401
253 412
253 463
254 266
254 300
254 309
254 331
254 359
255 306
255 325
255 337
255 349
255 367
255 372
255 391
255 445
255 470
255 471
255 483
256 292
256 302
256 407
256 416
256 421
256 437
256 452
256 489
257 269
257 272
257 293
257 412
257 423
257 477
257 494
258 271
258 274
258 300
258 310
258 324
258 357
258 362
258 380
258 398
258 443
258 467
258 477
259 319
259 321
259 379
259 397
259 404
259 426
259 429
259 460
259 469
259 483
259 484
260 328
260 353
260 368
260 439
260 459
260 483
261 388
261 413
261 416
261 419
261 432
261 492
261 496
262 265
262 288
262 290
262 315
262 320
262 327
262 333
262 400
262 432
263 268
263 272
263 320
263 380
263 405
263 414
263 422
263 434
264 280
264 306
264 324
264 348
264 374
264 397
264 400
264 418
264 440
264 478
265 322
265 327
265 335
265 343
265 349
265 371
265 401
265 402
265 404
265 446
265 451
265 473
265 492
266 287
266 314
266 324
266 332
266 334
266 340
266 360
266 391
266 399
266 420
266 429
266 439
267 270
267 286
267 305
267 306
267 338
267 353
267 447
267 458
267 469
268 272
268 299
268 304
268 306
268 333
268 352
268 361
268 393
268 417
268 452
268 468
268 492
268 497
269 283
269 405
269 431
269 435
269 451
269 461
269 475
269 476
270 359
270 369
270 377
270 379
270 414
270 429
271 317
271 338
271 387
272 297
272 305
272 352
272 360
272 379
272 380
272 382
272 396
272 399
272 401
272 424
272 470
272 480
272 494
273 280
273 312
273 355
273 392
273 395
273 418
273 444
273 476
273 485
274 313
274 318
274 340
274 419
274 447
274 454
274 461
274 482
274 486
274 490
275 301
275 322
275 343
275 350
275 380
275 391
275 442
275 500
276 283
276 357
276 433
277 304
277 320
277 340
277 385
277 399
277 419
277 432
277 447
278 281
278 299
278 303
278 343
278 344
278 346
278 398
278 409
278 418
278 458
278 472
278 475
279 281
279 285
279 343
279 344
279 358
279 372
279 388
279 396
279 421
279 443
279 447
279 483
280 303
280 333
280 335
280 351
280 396
280 397
280 400
280 421
280 439
280 440
280 478
281 299
281 319
281 329
281 343
281 350
281 362
281 440
282 300
282 321
282 345
282 376
282 406
282 411
282 460
283 296
283 300
283 303
283 314
283 349
283 360
283 383
283 385
283 438
283 474
283 497
284 342
284 343
284 364
284 482
285 321
285 369
285 500
286 290
286 305
286 445
286 451
286 456
287 341
287 353
287 361
287 368
287 383
287 435
287 448
287 458
287 466
287 468
287 500
288 380
288 426
288 433
288 435
288 446
288 452
288 473
289 318
289 327
289 331
289 357
289 388
289 415
289 497
290 401
290 412
290 419
291 329
291 336
291 381
291 391
291 434
291 471
292 303
292 313
292 333
292 339
292 345
292 414
292 468
292 477
293 346
293 356
293 362
293 380
293 412
293 432
293 466
294 295
294 318
294 320
294 324
294 380
294 406
294 410
294 413
294 429
294 442
294 448
294 465
294 469
295 300
295 398
295 399
295 404
295 412
295 436
295 445
295 447
295 451
296 345
296 364
296 391
296 438
297 358
297 385
297 419
297 455
297 473
297 482
297 490
298 433
298 435
298 441
298 451
298 456
298 465
298 495
299 305
299 316
299 387
299 427
299 453
299 471
299 491
299 500
300 308
300 316
300 320
300 344
300 359
300 373
300 393
300 415
300 423
300 435
300 450
300 455
300 462
300 470
300 499
301 311
301 316
301 413
301 426
301 429
301 446
301 494
302 324
302 331
302 369
302 385
302 397
302 456
302 465
302 468
303 353
303 362
303 364
303 397
303 404
303 407
303 432
303 454
304 341
304 348
304 377
304 419
305 321
305 350
305 410
305 434
305 440
305 473
306 313
306 337
306 339
306 366
306 367
306 383
306 397
306 410
306 417
306 435
306 463
307 326
307 350
307 380
307 388
307 396
307 432
307 458
308 349
308 398
308 468
308 485
308 487
309 369
309 444
309 458
309 464
309 497
310 316
310 320
310 349
310 354
310 378
310 403
310 408
310 411
310 428
310 463
310 482
310 484
311 383
311 384
311 405
311 431
311 442
311 451
312 325
312 345
312 350
312 362
312 371
312 446
312 484
313 329
313 347
313 397
313 421
313 445
313 450
313 475
314 387
314 389
314 401
314 412
314 418
314 429
314 472
314 499
315 326
315 345
315 387
315 417
315 437
315 441
315 442
315 448
315 453
315 478
315 488
315 494
316 349
316 403
316 446
316 449
316 467
317 324
317 346
317 352
317 353
317 358
317 364
317 395
317 408
317 418
317 440
317 473
317 491
317 495
318 343
318 422
318 427
318 445
318 447
318 456
318 487
318 489
319 320
319 321
319 335
319 336
319 356
319 389
319 397
319 416
319 451
319 458
319 484
320 355
320 376
320 385
320 394
320 401
320 440
320 448
320 476
321 332
321 377
321 378
321 409
321 412
321 462
321 482
322 334
322 354
322 400
322 455
322 487
322 493
323 344
323 358
323 398
323 403
323 404
323 424
323 431
323 432
323 434
323 462
323 472
323 477
324 334
324 341
324 351
324 408
324 413
324 417
324 438
324 463
324 494
325 399
325 404
325 411
325 430
325 448
325 455
325 495
326 343
326 344
326 364
326 439
326 476
326 500
327 341
327 459
327 477
328 332
328 338
328 450
328 476
329 369
329 374
329 380
329 420
329 451
329 471
329 478
330 342
330 355
330 358
330 361
330 386
330 387
330 411
330 438
330 451
330 456
330 461
330 471
330 493
331 343
331 352
331 405
331 409
331 416
331 443
331 454
332 358
333 376
333 438
333 472
333 482
333 488
333 492
334 342
334 361
334 366
334 383
334 407
334 434
334 467
334 492
335 374
335 432
335 438
335 479
335 490
336 350
336 385
336 414
336 415
337 352
337 416
337 419
337 452
337 478
337 484
338 352
338 360
338 395
338 424
338 436
338 447
338 454
338 496
339 367
339 377
339 402
339 406
339 424
339 435
339 466
340 436
340 486
340 495
341 344
341 363
341 367
341 434
341 454
341 472
342 349
342 359
342 363
342 408
342 453
343 344
343 371
343 389
343 399
343 421
343 432
343 465
343 478
343 483
344 346
344 349
344 351
344 361
344 415
344 452
344 472
345 351
345 354
345 377
345 400
345 413
345 430
345 438
346 348
346 375
346 404
346 406
346 413
346 415
346 424
346 438
347 386
347 395
347 406
347 407
347 459
347 473
348 369
348 410
348 411
348 418
348 455
348 458
348 466
348 494
349 401
349 426
349 443
349 458
349 475
350 351
350 356
350 368
350 371
350 406
350 440
350 453
350 484
351 360
351 363
351 370
351 393
351 436
351 448
351 453
351 459
351 489
351 493
352 363
352 426
352 427
352 432
352 435
352 451
352 452
352 466
352 498
353 386
353 403
353 478
353 479
353 485
353 495
354 376
354 394
354 411
354 417
354 427
354 444
354 446
354 450
354 486
355 370
355 417
355 424
355 487
356 359
356 372
356 435
357 367
357 413
358 359
358 366
358 380
358 448
358 450
358 455
358 463
358 467
358 480
358 484
358 486
359 394
359 396
359 411
359 415
359 447
359 471
359 474
360 366
360 406
360 432
360 453
360 465
361 370
361 381
361 391
361 398
361 413
361 441
361 444
361 477
361 491
361 493
362 367
362 426
362 445
362 448
362 462
362 471
362 475
362 499
363 380
363 406
363 410
363 413
363 441
364 411
364 459
364 483
365 378
365 396
365 428
365 473
365 489
366 391
366 418
366 427
366 433
366 443
366 454
366 456
366 477
366 482
367 396
367 401
367 417
367 428
368 381
368 499
369 393
369 408
369 410
369 421
369 432
369 498
370 384
370 385
370 415
370 416
370 440
370 488
371 390
371 392
371 414
371 435
371 440
371 483
372 375
372 376
372 390
372 434
372 455
372 476
372 499
373 403
373 423
373 434
373 456
373 481
373 483
373 493
374 485
374 497
375 416
375 439
375 476
375 494
375 496
376 378
376 401
376 403
376 418
376 437
376 463
376 490
376 497
377 478
378 403
378 413
378 424
378 441
378 446
378 462
379 385
379 408
379 416
379 421
380 406
380 425
380 434
380 436
380 443
380 446
380 465
380 482
380 496
381 396
381 418
381 430
381 451
381 477
381 500
382 420
382 422
382 446
382 457
382 491
383 400
383 451
383 456
383 461
383 486
383 495
384 385
384 390
384 416
384 423
384 448
384 471
384 472
385 409
385 429
385 441
385 466
385 469
386 416
386 426
386 427
386 430
386 440
386 478
386 490
386 494
387 452
387 461
387 467
387 488
387 493
388 396
388 414
388 436
388 467
388 468
389 398
389 468
389 479
390 391
390 413
390 419
390 438
390 439
391 400
391 424
392 393
392 419
392 425
392 435
392 438
392 444
393 417
393 423
393 491
394 396
394 421
394 430
394 433
394 439
394 458
394 464
394 483
394 485
394 489
395 402
395 403
395 408
395 430
395 445
395 460
395 496
396 401
396 404
396 422
396 427
396 439
396 461
396 463
397 402
397 430
397 437
397 446
397 452
397 477
398 443
398 461
398 481
398 485
398 494
398 500
399 418
399 440
399 448
399 486
400 417
400 443
400 444
401 402
401 409
401 412
401 480
402 424
402 429
402 437
402 439
402 483
403 412
403 436
403 459
403 494
404 424
404 425
404 440
404 456
404 458
404 484
405 406
405 411
405 417
405 434
405 444
405 477
405 479
406 428
407 466
407 473
407 489
408 411
408 457
409 415
409 461
409 483
410 439
410 443
410 450
410 490
411 413
411 425
411 449
411 489
412 418
412 422
412 485
413 424
413 446
413 463
414 422
414 455
414 497
415 475
415 488
416 450
416 466
417 432
417 440
417 450
417 460
417 461
417 481
417 500
418 426
418 438
419 459
419 476
419 489
420 428
420 473
421 463
421 477
423 424
423 446
423 455
423 457
423 485
423 490
423 496
424 439
424 442
424 478
425 450
425 451
425 481
425 482
425 490
425 495
426 448
426 471
427 471
428 433
428 438
428 439
428 444
428 467
428 480
428 481
429 469
429 499
430 454
430 464
431 444
431 466
432 453
433 438
433 489
433 492
433 496
434 482
434 484
434 494
435 448
435 451
435 469
436 463
436 464
436 472
436 490
437 440
437 463
437 489
438 490
439 443
440 462
440 490
441 496
442 463
442 483
442 485
442 488
442 489
443 455
443 494
444 445
445 465
446 460
446 483
446 487
446 491
447 459
447 474
447 494
449 499
450 488
450 492
451 456
451 478
451 487
451 488
451 497
452 456
452 468
452 493
454 457
454 458
455 472
455 479
455 487
456 494
458 470
460 481
460 493
460 495
461 489
462 463
462 470
462 475
462 480
463 466
463 497
465 474
465 485
466 490
466 493
466 495
466 498
467 488
467 495
468 475
468 476
468 485
469 494
470 482
470 486
470 495
471 478
471 489
471 492
471 494
472 495
475 485
475 492
475 493
476 480
476 490
476 497
477 487
477 493
478 481
478 500
479 490
479 500
480 489
481 494
482 486
482 494
483 495
484 485
484 486
485 494
492 498
493 499
494 498
35 13 20 43 49 68 75 77 79 92 97 108 110 116 119 121 152 154 166 171 192 212 216 235 272 276 302 321 376 379 401 415 418 438 447 479 42 1 38 56 58 59 60 73 94 105 108 146 149 180 185 192 198 207 209 227 231 235 237 246 248 274 286 292 321 331 336 340 358 380 391 441 455 468 485 488 489 490 493